0 0.213934 0.285942 0.029508 0.031949
0 0.314344 0.156949 0.027049 0.032748
0 0.328689 0.123003 0.027869 0.033546
0 0.369262 0.159345 0.041803 0.027955
0 0.315574 0.272764 0.050820 0.031150
0 0.233607 0.345447 0.039344 0.034345
0 0.258197 0.323882 0.032787 0.026358
0 0.275410 0.310703 0.029508 0.027157
0 0.294262 0.374601 0.034426 0.035144
0 0.367213 0.328674 0.037705 0.035942
0 0.393443 0.256390 0.042623 0.033546
0 0.372131 0.193291 0.036066 0.025559
0 0.492213 0.162141 0.027049 0.027157
0 0.495902 0.184904 0.034426 0.026358
0 0.688115 0.234824 0.035246 0.035144
0 0.446721 0.116613 0.026230 0.028754
0 0.528279 0.097444 0.033607 0.031949
0 0.477459 0.077875 0.033607 0.034345
0 0.523770 0.313898 0.036066 0.033546
0 0.410246 0.269569 0.025410 0.027955
0 0.467213 0.330272 0.029508 0.027955
0 0.571721 0.293131 0.028689 0.030351
0 0.625000 0.173722 0.025410 0.027955
0 0.634426 0.330272 0.031148 0.034345
0 0.718443 0.199681 0.030328 0.027157
0 0.752049 0.354633 0.035246 0.031949
0 0.767213 0.386182 0.026230 0.023163
0 0.789754 0.410543 0.030328 0.027157
0 0.870902 0.398562 0.043443 0.028754
0 0.864754 0.421326 0.040984 0.024760
0 0.875000 0.438498 0.028689 0.023962
0 0.825820 0.399361 0.023770 0.022364
0 0.801230 0.433706 0.023770 0.022364
0 0.820902 0.423323 0.030328 0.023962
0 0.733607 0.508786 0.029508 0.028754
0 0.534016 0.367812 0.025410 0.024760
0 0.561475 0.366613 0.018033 0.025559
0 0.600410 0.457668 0.030328 0.031949
0 0.430328 0.380192 0.021311 0.027157
0 0.449180 0.416933 0.029508 0.033546
0 0.485656 0.372604 0.023770 0.023163
0 0.482787 0.396965 0.026230 0.025559
0 0.481967 0.478435 0.032787 0.028754
0 0.579508 0.529952 0.040984 0.035942
0 0.562705 0.498003 0.030328 0.026358
0 0.614344 0.585863 0.040164 0.037540
0 0.649180 0.593450 0.027869 0.030351
0 0.700410 0.598642 0.030328 0.026358
0 0.718033 0.630591 0.032787 0.026358
0 0.711885 0.663738 0.040164 0.033546
0 0.742213 0.744409 0.038525 0.038339
0 0.568852 0.683307 0.047541 0.045527
0 0.472131 0.750399 0.052459 0.043930
0 0.375410 0.796326 0.047541 0.044728
0 0.233607 0.662540 0.044262 0.047125
0 0.311885 0.602236 0.045082 0.036741
0 0.369262 0.596645 0.043443 0.039936
0 0.405328 0.634185 0.041803 0.039936
0 0.421311 0.584265 0.037705 0.037540
0 0.459016 0.524361 0.036066 0.039137
0 0.434836 0.521965 0.041803 0.035942
0 0.472951 0.456869 0.029508 0.033546
0 0.391393 0.481629 0.035246 0.036741
0 0.179918 0.267572 0.036885 0.039936
