0 0.744010 0.260656 0.040735 0.042623
0 0.664137 0.287705 0.037540 0.037705
0 0.599042 0.299590 0.028754 0.031967
0 0.631789 0.281967 0.031949 0.037705
0 0.592652 0.351230 0.031949 0.036885
0 0.590256 0.388115 0.051118 0.041803
0 0.684105 0.432377 0.045527 0.048361
0 0.750399 0.528279 0.053514 0.050000
0 0.794728 0.624180 0.047923 0.045082
0 0.662540 0.763115 0.042332 0.049180
0 0.601837 0.689344 0.039137 0.036066
0 0.597843 0.632787 0.043930 0.047541
0 0.633786 0.594262 0.043930 0.044262
0 0.582668 0.578689 0.037540 0.036066
0 0.445288 0.779918 0.037540 0.036885
0 0.363019 0.859426 0.032748 0.038525
0 0.424521 0.915574 0.035942 0.032787
0 0.514377 0.652869 0.031949 0.031967
0 0.480831 0.605738 0.033546 0.032787
0 0.523562 0.567213 0.040735 0.032787
0 0.524760 0.540164 0.039936 0.029508
0 0.532348 0.419262 0.035942 0.041803
0 0.457268 0.399180 0.037540 0.036066
0 0.501198 0.438525 0.034345 0.034426
0 0.507987 0.265574 0.036741 0.031148
0 0.398163 0.128279 0.027955 0.048361
0 0.420927 0.136475 0.025559 0.045082
0 0.422923 0.179508 0.031150 0.029508
0 0.401358 0.171721 0.024760 0.025410
0 0.411342 0.209836 0.031949 0.029508
0 0.383387 0.232377 0.028754 0.031967
0 0.357428 0.245902 0.037540 0.039344
0 0.432508 0.198770 0.021565 0.027049
0 0.200479 0.280738 0.036741 0.036885
0 0.234824 0.314344 0.036741 0.040164
0 0.331869 0.365164 0.034345 0.033607
0 0.324681 0.316803 0.031150 0.036885
0 0.337859 0.334016 0.023962 0.027049
0 0.392971 0.286475 0.030351 0.033607
0 0.411741 0.329918 0.034345 0.038525
0 0.174920 0.376230 0.035144 0.032787
0 0.168131 0.348361 0.032748 0.027869
0 0.293930 0.427869 0.036741 0.034426
0 0.317093 0.473770 0.038339 0.039344
0 0.371406 0.461475 0.033546 0.029508
0 0.367812 0.434426 0.031150 0.027869
0 0.480831 0.516393 0.038339 0.036066
0 0.457668 0.525820 0.030351 0.031967
0 0.331070 0.531557 0.031150 0.028689
0 0.099441 0.474180 0.037540 0.033607
0 0.079073 0.522951 0.041534 0.036066
0 0.119808 0.555738 0.031949 0.027869
0 0.162540 0.506967 0.026358 0.033607
0 0.187300 0.504918 0.027955 0.036066
0 0.160144 0.631967 0.034345 0.036066
0 0.192093 0.625820 0.029553 0.035246
0 0.270367 0.591393 0.026358 0.023770
0 0.259984 0.606967 0.034345 0.036885
0 0.329473 0.633607 0.032748 0.034426
0 0.375399 0.705738 0.035144 0.044262
0 0.261581 0.674180 0.026358 0.025410
0 0.274361 0.685656 0.032748 0.035246
0 0.124201 0.670082 0.035942 0.030328
0 0.159744 0.684426 0.036741 0.031148
0 0.286342 0.787295 0.031150 0.033607
0 0.312300 0.723361 0.030351 0.030328
0 0.327875 0.740984 0.035942 0.032787
0 0.347843 0.764344 0.039137 0.038525
