0 0.309836 0.160543 0.037705 0.035144
0 0.325410 0.121406 0.032787 0.033546
0 0.365164 0.157748 0.035246 0.032748
0 0.374180 0.188898 0.028689 0.034345
0 0.475410 0.075879 0.027869 0.038339
0 0.526230 0.100240 0.029508 0.031150
0 0.444672 0.118610 0.035246 0.029553
0 0.418852 0.167732 0.026230 0.035144
0 0.493852 0.161741 0.035246 0.027955
0 0.495082 0.186502 0.034426 0.023163
0 0.622541 0.171725 0.031967 0.033546
0 0.648361 0.167332 0.022951 0.035942
0 0.719262 0.201677 0.031967 0.034345
0 0.685246 0.234824 0.039344 0.035144
0 0.753279 0.357428 0.034426 0.034345
0 0.765984 0.385383 0.027049 0.026358
0 0.787705 0.410942 0.031148 0.027955
0 0.825410 0.399760 0.029508 0.024760
0 0.871721 0.398163 0.045082 0.027955
0 0.861475 0.418530 0.040984 0.027157
0 0.872131 0.438898 0.027869 0.019968
0 0.600000 0.458466 0.036066 0.036741
0 0.669672 0.412540 0.036066 0.035942
0 0.711066 0.390575 0.031967 0.033546
0 0.733607 0.508786 0.036066 0.035144
0 0.702049 0.598642 0.033607 0.031150
0 0.717213 0.630990 0.037705 0.028754
0 0.711885 0.665335 0.043443 0.036741
0 0.740164 0.744010 0.039344 0.037540
0 0.569672 0.683307 0.052459 0.047125
0 0.472541 0.748802 0.046721 0.047125
0 0.372951 0.794728 0.050820 0.043131
0 0.236475 0.663339 0.045082 0.047125
0 0.310656 0.601438 0.042623 0.039936
0 0.366803 0.596246 0.048361 0.051917
0 0.406557 0.634984 0.047541 0.046326
0 0.418443 0.585064 0.035246 0.045527
0 0.651230 0.591853 0.031967 0.031949
0 0.613115 0.585064 0.047541 0.043930
0 0.579508 0.533147 0.042623 0.039137
0 0.561885 0.500399 0.033607 0.026358
0 0.472131 0.455671 0.029508 0.031150
0 0.484426 0.479233 0.037705 0.035144
0 0.394672 0.481230 0.038525 0.032748
0 0.347131 0.514776 0.031967 0.027955
0 0.430328 0.521565 0.032787 0.039936
0 0.460246 0.523962 0.027049 0.033546
0 0.431557 0.383387 0.031967 0.030351
0 0.448361 0.417332 0.036066 0.029553
0 0.484426 0.392971 0.026230 0.025559
0 0.469262 0.330272 0.030328 0.032748
0 0.219672 0.444089 0.036066 0.036741
0 0.294672 0.375799 0.036885 0.035942
0 0.140164 0.363419 0.036066 0.031949
0 0.213525 0.285144 0.031967 0.031949
0 0.233607 0.347045 0.040984 0.039137
0 0.256557 0.327077 0.036066 0.037540
0 0.275820 0.311102 0.035246 0.032748
0 0.316803 0.269968 0.036885 0.043131
0 0.389754 0.257188 0.038525 0.033546
0 0.406967 0.269968 0.025410 0.025559
0 0.365164 0.328674 0.031967 0.034345
0 0.524590 0.315495 0.034426 0.035144
0 0.570902 0.292732 0.031967 0.037540
0 0.635246 0.331869 0.037705 0.035942
0 0.665164 0.337061 0.022131 0.020767
0 0.679508 0.322684 0.036066 0.028754
