0 0.259016 0.251597 0.036066 0.036741
0 0.429508 0.315096 0.054098 0.048722
0 0.526639 0.250000 0.046721 0.051118
0 0.627869 0.206470 0.052459 0.043930
0 0.595082 0.366214 0.039344 0.037540
0 0.765574 0.337460 0.050820 0.050319
0 0.688934 0.398163 0.038525 0.037540
0 0.632377 0.402157 0.041803 0.042332
0 0.579508 0.413738 0.042623 0.041534
0 0.651639 0.481230 0.032787 0.035942
0 0.607377 0.517572 0.036066 0.036741
0 0.782377 0.553115 0.038525 0.042332
0 0.539344 0.476038 0.027869 0.036741
0 0.568033 0.477236 0.031148 0.048722
0 0.916393 0.573482 0.032787 0.041534
0 0.859426 0.636182 0.035246 0.034345
0 0.707377 0.621805 0.040984 0.035942
0 0.786066 0.712460 0.031148 0.031949
0 0.764754 0.652157 0.039344 0.037540
0 0.742213 0.671725 0.035246 0.033546
0 0.723361 0.687700 0.033607 0.033546
0 0.632377 0.673722 0.036885 0.034345
0 0.550820 0.578674 0.031148 0.027955
0 0.571311 0.613419 0.027869 0.030351
0 0.514344 0.604233 0.027049 0.024760
0 0.517213 0.518371 0.034426 0.035144
0 0.529918 0.542732 0.030328 0.024760
0 0.531557 0.668131 0.035246 0.027955
0 0.591803 0.728435 0.026230 0.025559
0 0.608197 0.741214 0.032787 0.038339
0 0.682787 0.728035 0.039344 0.042332
0 0.626639 0.805511 0.030328 0.032748
0 0.630328 0.837061 0.034426 0.038339
0 0.686475 0.841054 0.036885 0.036741
0 0.670082 0.874601 0.033607 0.038339
0 0.555328 0.882188 0.028689 0.034345
0 0.523361 0.921725 0.030328 0.041534
0 0.472541 0.900160 0.041803 0.047923
0 0.347951 0.829473 0.025410 0.031150
0 0.376639 0.826278 0.028689 0.037540
0 0.429098 0.706070 0.040164 0.038339
0 0.472131 0.683706 0.045902 0.035144
0 0.399180 0.542332 0.037705 0.036741
0 0.365984 0.668131 0.036885 0.035942
0 0.313934 0.764377 0.037705 0.041534
0 0.281148 0.799121 0.032787 0.031150
0 0.247541 0.642173 0.042623 0.036741
0 0.319672 0.676518 0.031148 0.031949
0 0.288934 0.607428 0.036885 0.032748
0 0.330328 0.587859 0.039344 0.035144
0 0.265164 0.488419 0.036885 0.034345
0 0.231148 0.613818 0.031148 0.029553
0 0.437705 0.499201 0.029508 0.028754
0 0.422131 0.466454 0.045902 0.039936
0 0.386885 0.413738 0.039344 0.043131
0 0.211475 0.587061 0.027869 0.028754
0 0.127049 0.559105 0.026230 0.019169
0 0.129508 0.599840 0.045902 0.028754
0 0.136475 0.579073 0.043443 0.025559
0 0.174180 0.597843 0.027049 0.021565
0 0.179918 0.577077 0.035246 0.029553
0 0.200820 0.563498 0.024590 0.023163
0 0.284426 0.367812 0.036066 0.027955
0 0.350820 0.406949 0.031148 0.032748
0 0.300000 0.400559 0.029508 0.027955
