0 0.510783 0.265164 0.037540 0.038525
0 0.423722 0.178689 0.032748 0.032787
0 0.433307 0.199180 0.021565 0.024590
0 0.400958 0.172541 0.027157 0.031967
0 0.410942 0.210656 0.029553 0.032787
0 0.384984 0.232377 0.030351 0.030328
0 0.398163 0.130738 0.026358 0.046721
0 0.418930 0.135246 0.024760 0.039344
0 0.439297 0.126639 0.020767 0.025410
0 0.202077 0.280738 0.038339 0.035246
0 0.166534 0.346721 0.034345 0.026230
0 0.322284 0.315574 0.032748 0.032787
0 0.338259 0.335246 0.024760 0.022951
0 0.333067 0.364754 0.033546 0.032787
0 0.392173 0.285656 0.028754 0.027049
0 0.415335 0.331557 0.030351 0.038525
0 0.458067 0.399180 0.034345 0.036066
0 0.293530 0.427459 0.032748 0.031967
0 0.175719 0.374590 0.031949 0.029508
0 0.501597 0.437705 0.028754 0.031148
0 0.367812 0.434836 0.029553 0.022131
0 0.371406 0.461885 0.031949 0.036885
0 0.318291 0.474590 0.034345 0.036066
0 0.331869 0.532377 0.027955 0.031967
0 0.456869 0.527459 0.027157 0.027049
0 0.482029 0.515984 0.035942 0.033607
0 0.524760 0.538525 0.036741 0.029508
0 0.522364 0.563934 0.041534 0.034426
0 0.585064 0.577869 0.034345 0.032787
0 0.634984 0.593852 0.044728 0.038525
0 0.598243 0.631557 0.044728 0.045082
0 0.602236 0.689344 0.038339 0.037705
0 0.515176 0.652459 0.038339 0.031148
0 0.482029 0.606148 0.032748 0.035246
0 0.418930 0.551639 0.029553 0.027869
0 0.383786 0.569262 0.037540 0.028689
0 0.329073 0.634016 0.035144 0.036885
0 0.377396 0.705738 0.039137 0.034426
0 0.423323 0.692213 0.028754 0.027049
0 0.270367 0.591393 0.026358 0.025410
0 0.259585 0.607377 0.036741 0.034426
0 0.444489 0.780328 0.035942 0.036066
0 0.365016 0.858197 0.035144 0.037705
0 0.424121 0.914344 0.038339 0.035246
0 0.287141 0.786066 0.032748 0.031148
0 0.124601 0.669262 0.038339 0.033607
0 0.119808 0.555328 0.036741 0.028689
0 0.079872 0.522131 0.039936 0.031148
0 0.099441 0.471721 0.032748 0.033607
