0 0.745208 0.258607 0.043131 0.038525
0 0.664537 0.288115 0.036741 0.041803
0 0.632987 0.281967 0.029553 0.027869
0 0.599042 0.298770 0.028754 0.027049
0 0.592652 0.350000 0.036741 0.031148
0 0.585064 0.387295 0.042332 0.040164
0 0.507987 0.263934 0.031949 0.031148
0 0.684105 0.431557 0.042332 0.043443
0 0.532348 0.418443 0.039137 0.036885
0 0.500799 0.436885 0.027157 0.029508
0 0.458466 0.399590 0.038339 0.036885
0 0.750799 0.529098 0.047923 0.048361
0 0.796326 0.627049 0.047923 0.049180
0 0.584665 0.577869 0.038339 0.036066
0 0.632588 0.595492 0.039936 0.041803
0 0.599042 0.631557 0.043131 0.040164
0 0.602636 0.689344 0.039137 0.037705
0 0.663339 0.765574 0.045527 0.045902
0 0.423722 0.914754 0.035942 0.036066
0 0.363818 0.858197 0.034345 0.040984
0 0.445687 0.779918 0.038339 0.038525
0 0.284744 0.784426 0.039137 0.039344
0 0.312300 0.722131 0.033546 0.032787
0 0.327875 0.741393 0.032748 0.033607
0 0.348642 0.763934 0.037540 0.039344
0 0.375799 0.704508 0.040735 0.045082
0 0.327875 0.633607 0.032748 0.032787
0 0.261581 0.675820 0.024760 0.025410
0 0.275559 0.684016 0.033546 0.036885
0 0.158946 0.683607 0.036741 0.034426
0 0.124601 0.671311 0.041534 0.039344
0 0.161342 0.630738 0.033546 0.031967
0 0.190495 0.627869 0.031150 0.034426
0 0.119409 0.555328 0.037540 0.033607
0 0.080272 0.523361 0.043930 0.031967
0 0.103834 0.474180 0.041534 0.038525
0 0.162540 0.506557 0.024760 0.031148
0 0.186502 0.507377 0.026358 0.047541
0 0.260383 0.606557 0.038339 0.037705
0 0.270367 0.591393 0.029553 0.028689
0 0.167332 0.347951 0.029553 0.025410
0 0.175719 0.375000 0.031949 0.030328
0 0.293530 0.427459 0.035942 0.040164
0 0.316294 0.474180 0.033546 0.036885
0 0.332268 0.530738 0.028754 0.035246
0 0.383786 0.570902 0.031150 0.027049
0 0.417332 0.551230 0.029553 0.031967
0 0.393371 0.513525 0.023163 0.027049
0 0.455272 0.526230 0.025559 0.026230
0 0.478834 0.515574 0.035942 0.037705
0 0.481629 0.606148 0.031949 0.033607
0 0.515176 0.652049 0.031949 0.038525
0 0.523163 0.537705 0.036741 0.034426
0 0.522764 0.568443 0.042332 0.038525
0 0.332668 0.364344 0.035942 0.035246
0 0.368610 0.463115 0.031150 0.029508
0 0.365815 0.434426 0.027157 0.024590
0 0.200479 0.281148 0.039936 0.037705
0 0.239217 0.314344 0.042332 0.056557
0 0.323083 0.319262 0.029553 0.031967
0 0.358626 0.245082 0.035144 0.039344
0 0.385783 0.233607 0.030351 0.036066
0 0.411342 0.211475 0.030351 0.034426
0 0.400958 0.128279 0.028754 0.036885
0 0.419329 0.135246 0.027157 0.040984
0 0.400160 0.172131 0.027157 0.027869
0 0.423722 0.180328 0.024760 0.029508
0 0.433706 0.200000 0.020767 0.021311
0 0.392971 0.285246 0.030351 0.026230
0 0.412540 0.329918 0.032748 0.033607
